
1 2 162
2 1 26
2 1 132
8 4 1489
10 0 1
11 0 0
14 0 1
16 0 1
17 0 0
23 2 89
23 5 544
32 0 1
35 0 0
36 0 1
43 0 1
46 5 295
46 5 607
48 0 1
49 4 1331
50 5 299

1 1 14
1 4 635
2 0 1
8 0 1
10 0 0
11 1 11
11 2 114
11 3 563
11 3 834
14 0 1
16 3 106
16 4 379
16 4 471
16 3 598
17 0 1
23 1 11
23 4 419
23 4 507
32 0 0
35 0 1
36 0 0
43 0 1
46 4 246
46 5 646
46 4 773
48 0 0
49 0 1
50 4 250
50 5 657

1 3 157
1 4 568
1 3 876
2 3 150
2 3 238
2 3 327
2 3 415
2 2 631
2 2 717
8 5 426
8 4 556
10 0 0
11 0 0
14 0 0
16 1 9
16 1 98
17 0 1
23 3 151
23 4 376
23 4 467
23 3 770
32 0 1
35 0 1
36 4 289
36 4 376
36 4 647
36 4 738
43 0 0
46 5 421
46 4 550
46 3 678
46 3 765
48 0 0
49 5 421
49 4 550
50 5 425
50 4 554
50 3 684

1 3 159
1 4 565
1 3 698
1 2 1181
2 0 0
8 5 431
8 4 558
8 2 1345
10 0 0
11 1 10
11 2 197
11 3 601
11 2 729
11 1 859
14 0 0
16 0 0
17 0 1
23 3 150
23 4 374
23 4 461
23 3 591
23 2 1070
32 0 0
35 0 0
36 4 285
36 4 373
36 4 637
36 4 726
36 2 1114
43 0 0
46 0 0
48 0 0
49 5 421
49 4 551
49 2 1335
50 5 427
50 4 553
50 3 681
50 2 1169

1 1 25
1 4 615
1 3 743
1 3 836
1 2 1140
2 0 0
8 5 553
8 4 734
8 4 822
8 3 1082
10 0 0
11 1 9
11 1 97
11 1 185
14 0 0
16 3 104
16 4 372
16 4 462
16 3 589
16 3 678
17 0 0
23 1 10
23 4 422
23 4 508
23 3 638
23 3 727
23 2 1028
32 0 0
35 0 0
36 0 1
43 0 0
46 4 240
46 4 504
46 4 593
46 3 852
46 1 1157
48 0 0
49 5 553
49 4 726
49 4 818
49 3 1078
50 4 241
50 4 506
50 4 593
50 3 855
50 1 1153

RCV: 290
FWD: 296
ANS: 38
Table Size: 2

RCV: 291
FWD: 330
ANS: 35
Table Size: 2

RCV: 287
FWD: 315
ANS: 22
Table Size: 2

RCV: 439
FWD: 497
ANS: 23
Table Size: 3

RCV: 417
FWD: 513
ANS: 13
Table Size: 3

RCV: 362
FWD: 354
ANS: 10
Table Size: 2

RCV: 713
FWD: 674
ANS: 11
Table Size: 4

RCV: 720
FWD: 629
ANS: 14
Table Size: 4

RCV: 1250
FWD: 1181
ANS: 6
Table Size: 7

RCV: 880
FWD: 860
ANS: 0
Table Size: 5
