
1 0 0
2 0 0
8 0 0
10 0 0
11 0 0
14 0 0
16 0 0
17 0 1
23 0 1
32 0 0
35 0 0
36 0 0
43 0 0
46 0 0
48 0 0
49 0 0
50 0 1

1 0 1
2 0 0
8 0 0
10 0 0
11 0 1
14 0 0
16 0 0
17 0 0
23 0 1
32 0 0
35 0 0
36 0 1
43 0 0
46 0 0
48 0 0
49 0 0
50 0 0

1 0 1
2 0 0
8 0 0
10 0 0
11 0 1
14 0 0
16 0 0
17 0 1
23 0 0
32 0 0
35 0 0
36 0 0
43 0 0
46 0 0
48 0 0
49 0 0
50 0 1

1 0 1
2 0 0
8 0 0
10 0 0
11 0 0
14 0 0
16 0 0
17 0 0
23 0 0
32 0 0
35 0 1
36 0 0
43 0 0
46 0 0
48 0 0
49 0 1
50 0 0

1 0 1
2 0 0
8 0 0
10 0 0
11 0 1
14 0 0
16 0 0
17 0 0
23 0 0
32 0 0
35 0 0
36 0 0
43 0 0
46 0 0
48 0 0
49 0 0
50 0 0

RCV: 61
FWD: 1498
ANS: 17
Table Size: 2

RCV: 33
FWD: 1377
ANS: 17
Table Size: 1

RCV: 33
FWD: 938
ANS: 17
Table Size: 1

RCV: 33
FWD: 1223
ANS: 17
Table Size: 1

RCV: 0
FWD: 1046
ANS: 17
Table Size: 1

RCV: 33
FWD: 831
ANS: 0
Table Size: 1

RCV: 61
FWD: 616
ANS: 0
Table Size: 1
