
1 0 1
2 0 1
8 0 0
10 0 0
11 0 1
14 0 1
16 0 0
17 0 1
23 0 0
32 0 0
35 0 0
36 0 1
43 0 0
46 0 0
48 0 0
49 0 1
50 0 0

1 0 1
2 0 0
8 0 0
10 0 1
11 0 0
14 0 0
16 0 0
17 0 1
23 0 0
32 0 0
35 0 0
36 0 1
43 0 0
46 0 0
48 0 0
49 0 1
50 0 0

1 0 1
2 0 1
8 0 0
10 0 1
11 0 0
14 0 0
16 0 0
17 0 0
23 0 0
32 0 0
35 0 0
36 0 0
43 0 0
46 0 0
48 0 1
49 0 0
50 0 0

1 0 0
2 0 0
8 0 0
10 0 0
11 0 1
14 0 0
16 0 0
17 0 0
23 0 0
32 0 0
35 0 0
36 0 1
43 0 0
46 0 0
48 0 0
49 0 1
50 0 0

1 0 0
2 0 0
8 0 0
10 0 0
11 0 1
14 0 0
16 0 0
17 0 0
23 0 0
32 0 0
35 0 0
36 0 0
43 0 0
46 0 0
48 0 0
49 0 1
50 0 0

RCV: 112
FWD: 588
ANS: 17
Table Size: 1

RCV: 229
FWD: 831
ANS: 17
Table Size: 2

RCV: 229
FWD: 1013
ANS: 17
Table Size: 2

RCV: 224
FWD: 1190
ANS: 17
Table Size: 2

RCV: 224
FWD: 905
ANS: 17
Table Size: 2

RCV: 285
FWD: 1344
ANS: 0
Table Size: 2

RCV: 430
FWD: 1404
ANS: 0
Table Size: 3

RCV: 860
FWD: 2755
ANS: 0
Table Size: 6
