
1 1 17
1 2 285
1 1 459
1 1 549
1 1 636
2 1 10
2 1 97
2 1 186
2 1 272
2 1 362
2 1 451
8 2 57
8 2 145
8 2 454
8 1 669
8 1 758
10 0 0
11 0 1
14 0 0
16 0 0
17 0 0
23 1 9
23 2 146
23 2 234
23 1 409
23 1 498
23 1 586
32 0 0
35 0 0
36 2 57
36 2 146
36 2 325
36 2 413
36 1 629
36 1 716
43 0 0
46 2 59
46 2 146
46 1 274
46 1 538
46 1 625
48 0 0
49 2 58
49 2 146
49 2 453
49 1 671
49 1 757
50 2 57
50 2 145
50 1 273
50 1 537
50 1 625

1 0 1
2 0 0
8 1 10
8 1 97
8 1 146
10 0 0
11 0 0
14 0 0
16 1 8
16 1 99
16 1 185
17 0 0
23 0 0
32 0 0
35 0 0
36 1 9
36 1 98
36 1 186
43 0 0
46 1 8
46 1 98
46 1 187
48 0 0
49 1 9
49 1 97
49 1 187
50 1 9
50 1 97
50 1 145

1 1 15
1 1 241
2 0 0
8 1 9
8 1 194
10 0 0
11 1 8
11 1 230
14 0 0
16 1 9
16 1 98
16 1 186
17 0 0
23 1 8
23 1 97
23 1 185
32 0 0
35 0 0
36 1 9
36 1 100
36 1 189
43 0 0
46 0 0
48 0 0
49 1 9
49 1 230
50 0 0

1 1 13
1 1 103
2 0 0
8 1 8
8 1 97
10 0 0
11 1 8
11 1 98
14 0 0
16 0 0
17 0 1
23 0 0
32 0 0
35 0 0
36 0 1
43 0 0
46 1 8
46 1 96
48 0 0
49 1 9
49 1 97
50 1 9
50 1 96

1 0 1
2 0 1
8 0 0
10 0 0
11 0 0
14 0 0
16 0 1
17 0 0
23 0 0
32 0 0
35 0 0
36 0 0
43 0 0
46 0 0
48 0 0
49 0 0
50 0 1

RCV: 723
FWD: 2027
ANS: 28
Table Size: 6

RCV: 363
FWD: 1040
ANS: 14
Table Size: 3

RCV: 373
FWD: 1092
ANS: 19
Table Size: 3

RCV: 262
FWD: 615
ANS: 17
Table Size: 2

RCV: 381
FWD: 900
ANS: 31
Table Size: 3

RCV: 303
FWD: 751
ANS: 8
Table Size: 2

RCV: 303
FWD: 569
ANS: 8
Table Size: 2

RCV: 158
FWD: 443
ANS: 11
Table Size: 1

RCV: 310
FWD: 528
ANS: 12
Table Size: 2
